0.5,0,0,0,0,0,0,0,0,0
0,0.5,0.48312,0.25897,0,0.17487,0,0,0,0
0,0.48312,0.5,0.27632,0,0.25537,0,0,0,0
0,0.25897,0.27632,0.5,0.26823,0.47174,0.40215,0,0,0
0,0,0,0.26823,0.5,0,0,0,0.15558,0
0,0.17487,0.25537,0.47174,0,0.5,0.17674,0,0,0
0,0,0,0.40215,0,0.17674,0.5,0.25047,0,0.15165
0,0,0,0,0,0,0.25047,0.5,0,0.18761
0,0,0,0,0.15558,0,0,0,0.5,0
0,0,0,0,0,0,0.15165,0.18761,0,0.5
